Webots Project File version R2023a
perspectives: 000000ff00000000fd0000000200000001000002bf00000363fc0200000001fb0000001400540065007800740045006400690074006f0072010000001a000003630000008c00ffffff00000003000007800000005dfc0100000001fb0000001a0043006f006e0073006f006c00650041006c006c0041006c006c0100000000000007800000006900ffffff000004bf0000036300000001000000020000000100000008fc00000000
simulationViewPerspectives: 000000ff000000010000000200000100000004540100000002010000000100
sceneTreePerspectives: 000000ff0000000100000003000000220000017e000000fa0100000002010000000200
minimizedPerspectives: 000000ff00000000fd00000002000000000000010000000296fc0200000001fb0000001a0043006f006e0073006f006c00650041006c006c0041006c006c0100000016000002960000003900ffffff000000010000027700000296fc0200000001fb0000001400540065007800740045006400690074006f00720000000016000002960000008700ffffff000004540000029600000001000000020000000100000008fc00000000
maximizedDockId: -1
centralWidgetVisible: 1
orthographicViewHeight: 1
textFiles: 2 "controllers/snapshot/snapshot.py" "controllers/calib_supervisor/calib_supervisor.py" "controllers/heatmap_supervisor/heatmap_supervisor.py"
globalOptionalRendering: CoordinateSystem
consoles: Console:All:All
renderingDevicePerspectives: robot:camera;1;0.400781;0;0
renderingDevicePerspectives: supervisor:camera;1;0.611111;0;0
