camera_matrix:
- - 620.4939499129673
  - 0.0
  - 372.90177641604254
- - 0.0
  - 651.2239010850066
  - 369.1624807091097
- - 0.0
  - 0.0
  - 1.0
dist_coeff:
- - -0.08055868555957257
  - 0.0275378217069676
  - -0.015473547425479675
  - 0.006702485691291635
  - 0.02138718535166373
