camera_matrix:
- - 621.1421461127184
  - 0.0
  - 359.08832591916513
- - 0.0
  - 639.7737532212393
  - 361.8467206821591
- - 0.0
  - 0.0
  - 1.0
dist_coeff:
- - 0.07653930053207869
  - -0.1757391626804709
  - -0.0026191580169175792
  - 0.004385934949893191
  - 0.19492924996720787
