camera_matrix:
- - 528
  - 0.0
  - 360
- - 0.0
  - 528
  - 360
- - 0.0
  - 0.0
  - 1.0
dist_coeff:
- - 0
  - 0
  - 0 
  - 0 
  - 0
